10 1 16384 10504 0.64111328125
11 1 16383 6446 0.3934566318745041
12 1 16384 3688 0.22509765625
13 1 16384 1933 0.11798095703125
14 1 16384 997 0.06085205078125
15 1 16383 503 0.030702557529146066
16 1 16384 269 0.01641845703125
17 1 16384 151 0.00921630859375
18 1 16383 155 0.009461026673991332
19 1 16384 144 0.0087890625
20 1 16384 178 0.0108642578125


10 2 16384 14127 0.86224365234375
11 2 16384 10382 0.6336669921875
12 2 16384 6393 0.39019775390625
13 2 16384 3736 0.22802734375
14 2 16384 1875 0.11444091796875
15 2 16383 995 0.060733687358847585
16 2 16384 526 0.0321044921875
17 2 16384 281 0.01715087890625
18 2 16384 286 0.0174560546875
19 2 16383 286 0.0174571201855582
20 2 16384 293 0.01788330078125


10 3 16384 15524 0.947509765625
11 3 16384 12739 0.77752685546875
12 3 16384 8592 0.5244140625
13 3 16384 5120 0.3125
14 3 16384 2796 0.170654296875
15 3 16384 1485 0.09063720703125
16 3 16384 735 0.04486083984375
17 3 16384 487 0.02972412109375
18 3 16384 472 0.02880859375
19 3 16384 445 0.02716064453125
20 3 16384 486 0.0296630859375


10 4 16383 15989 0.9759506805835317
11 4 16384 14099 0.86053466796875
12 4 16384 10288 0.6279296875
13 4 16384 6512 0.3974609375
14 4 16384 3597 0.21954345703125
15 4 16384 1971 0.12030029296875
16 4 16384 954 0.0582275390625
17 4 16384 608 0.037109375
18 4 16384 599 0.03656005859375
19 4 16384 626 0.0382080078125
20 4 16384 576 0.03515625


10 5 16384 16161 0.98638916015625
11 5 16384 15005 0.91583251953125
12 5 16384 11548 0.704833984375
13 5 16384 7720 0.47119140625
14 5 16384 4320 0.263671875
15 5 16384 2311 0.14105224609375
16 5 16384 1279 0.07806396484375
17 5 16384 767 0.04681396484375
18 5 16384 778 0.0474853515625
19 5 16384 741 0.04522705078125
20 5 16384 720 0.0439453125


10 6 16383 16328 0.9966428615027773
11 6 16384 15471 0.94427490234375
12 6 16384 12585 0.76812744140625
13 6 16384 8576 0.5234375
14 6 16384 5229 0.31915283203125
15 6 16384 2823 0.17230224609375
16 6 16384 1473 0.08990478515625
17 6 16384 912 0.0556640625
18 6 16383 879 0.05365317707379601
19 6 16384 900 0.054931640625
20 6 16384 911 0.05560302734375


10 7 16384 16370 0.9991455078125
11 7 16384 15837 0.96661376953125
12 7 16384 13531 0.82586669921875
13 7 16384 9713 0.59283447265625
14 7 16384 5897 0.35992431640625
15 7 16384 3167 0.19329833984375
16 7 16384 1742 0.1063232421875
17 7 16384 1015 0.06195068359375
18 7 16384 978 0.0596923828125
19 7 16384 1005 0.06134033203125
20 7 16384 1059 0.06463623046875


10 8 16384 16384 1.0
11 8 16384 16101 0.98272705078125
12 8 16384 14174 0.8651123046875
13 8 16384 10302 0.6287841796875
14 8 16384 6540 0.399169921875
15 8 16384 3620 0.220947265625
16 8 16384 2041 0.12457275390625
17 8 16383 1146 0.06995055850576817
18 8 16384 1175 0.07171630859375
19 8 16384 1159 0.07073974609375
20 8 16384 1155 0.07049560546875


